%% File generated by CATS v.2.1Mon Jan 21 03:07:54 2013

%% The CATS webpage is http://robotics.stanford.edu/CATS

%% PARAMETER SETTINGS:
% Goods: 10; Bids: 40; Distribution: arbitrary; Runs: 1; Seed: 1358738166
% Arbitrary Distribution Parameters:
% Max Substitutable Bids = 5
% Removing HV Neighbor   = 0.1
% Adding DIAG Neighbor   = 0.2
% Additional Location    = 0.9
% Additivity             = 0.2
% Budget Factor          = 1.5
% Resale Factor          = 0.5
% Normal Private Value:
%   Mean                 = 0
%   Standard Deviation   = 30



goods 10
bids 43
dummy 9

0	220.255	0	1	2	6	7	8	10	#
1	268.268	0	1	2	3	6	7	10	#
2	268.179	0	1	3	6	7	8	10	#
3	139.374	0	2	6	7	8	9	10	#
4	197.463	0	3	8	9	11	#
5	289.446	2	6	7	8	11	#
6	190.101	1	2	3	9	11	#
7	179.601	0	7	8	9	11	#
8	122.797	0	1	5	9	11	#
9	520.722	0	1	2	3	4	7	9	12	#
10	587.237	7	12	#
11	586.868	0	1	4	5	6	7	9	12	#
12	563.87	0	2	3	4	7	8	9	12	#
13	556.082	0	1	4	5	6	7	8	12	#
14	538.944	0	1	2	4	5	6	7	8	9	12	#
15	172.639	2	4	13	#
16	156.889	4	6	13	#
17	574.981	0	1	2	3	4	5	6	7	8	9	#
18	314.114	0	2	3	9	14	#
19	383.236	0	1	8	9	14	#
20	349.474	8	14	#
21	313.373	0	1	4	9	14	#
22	268.774	2	5	8	9	14	#
23	82.953	5	8	15	#
24	123.53	6	8	15	#
25	68.4505	1	#
26	601.525	2	4	5	6	7	8	9	16	#
27	657.979	2	7	9	16	#
28	520.197	0	2	4	5	6	7	8	16	#
29	472.334	0	1	5	8	16	#
30	461.839	0	2	4	5	7	8	9	16	#
31	326.719	0	1	2	5	6	8	9	16	#
32	223.307	17	#
33	261.233	0	1	2	3	7	8	17	#
34	220.348	0	1	2	6	7	9	17	#
35	213.431	0	3	9	17	#
36	187.947	0	1	5	6	7	9	17	#
37	173.235	0	1	2	4	5	9	17	#
38	223.797	1	3	4	5	18	#
39	226.068	2	18	#
40	215.415	1	5	6	7	18	#
41	200.43	0	3	4	5	18	#
42	157.637	1	5	6	8	18	#
