%% File generated by CATS v.2.1Mon Jan 21 18:45:45 2013

%% The CATS webpage is http://robotics.stanford.edu/CATS

%% PARAMETER SETTINGS:
% Goods: 40; Bids: 40; Distribution: L1; Runs: 1; Seed: 1358793116
% Legacy distribution parameters:
% Number of goods chosen according to Random distribution.
% Price chosen according to Fixed Random distribution (low_fixed = 0, high_fixed = 1000).


goods 40
bids 40
dummy 0

0	200.349	26	39	#
1	509.995	2	4	6	11	12	15	17	18	20	23	24	25	27	32	34	36	#
2	884.422	0	1	12	15	16	28	29	32	#
3	636.965	8	10	11	15	19	26	27	35	#
4	916.341	3	#
5	944.648	0	2	8	12	22	23	25	27	31	37	38	#
6	175.269	18	29	#
7	796.62	4	16	22	28	#
8	795.772	0	2	7	13	14	20	22	31	33	37	38	#
9	919.414	0	1	2	3	4	5	6	7	10	11	12	13	14	15	16	17	19	20	21	22	23	25	26	27	28	29	30	31	33	34	35	36	37	39	#
10	885.296	1	4	6	7	9	10	11	12	14	15	16	17	21	25	27	29	30	31	33	34	#
11	107.607	0	1	4	8	9	10	11	12	13	14	19	22	23	25	30	33	35	37	39	#
12	648.246	0	5	26	#
13	22.6332	5	6	8	10	12	13	16	19	21	24	28	30	31	34	37	39	#
14	356.7	0	1	2	5	7	8	11	12	14	16	17	18	22	23	24	25	27	29	30	34	35	39	#
15	259.426	2	5	11	18	19	20	23	24	25	26	28	32	35	37	#
16	930.332	0	1	2	3	4	6	8	9	10	11	12	13	14	16	17	19	20	22	23	24	26	28	29	30	32	34	35	36	37	39	#
17	772.812	13	23	25	27	#
18	453.772	9	23	25	28	32	34	#
19	944.142	0	1	2	3	5	6	7	8	9	11	14	17	18	19	20	21	24	26	29	30	31	32	33	34	35	36	37	#
20	189.385	23	31	33	#
21	662.921	1	6	14	18	22	23	24	29	34	35	#
22	239.145	2	4	10	11	17	18	29	30	32	33	34	35	#
23	161.992	1	2	4	5	8	9	10	13	14	16	22	24	27	29	33	36	37	39	#
24	877.505	10	32	34	38	#
25	907.545	0	4	8	10	12	15	16	17	19	20	25	27	30	33	35	#
26	328.415	0	2	8	23	24	28	33	34	36	#
27	589.602	0	11	12	17	18	20	22	33	37	#
28	972.575	0	1	2	3	4	5	6	7	9	10	11	12	13	14	16	19	20	24	25	27	31	33	34	35	36	37	38	39	#
29	951.898	0	2	3	4	5	6	8	9	10	11	12	13	14	15	16	17	18	20	21	23	24	26	27	28	29	30	31	32	34	35	36	37	38	39	#
30	331.732	0	4	5	6	7	9	11	12	14	16	18	21	30	31	32	34	35	39	#
31	733.478	2	6	8	22	23	#
32	483.317	4	5	6	8	9	11	15	17	18	25	26	27	28	29	32	33	35	36	37	39	#
33	770.363	0	1	2	5	6	7	8	9	14	17	18	19	21	22	25	26	31	32	33	37	38	39	#
34	323.389	7	9	14	#
35	597.41	0	4	7	8	9	10	11	13	15	18	19	20	21	23	24	25	26	29	31	33	35	36	37	38	39	#
36	482.641	1	8	33	34	36	#
37	71.2667	0	4	7	9	19	23	30	32	36	37	#
38	8.98237	12	33	36	38	#
39	634.737	2	4	5	10	15	21	27	28	29	33	34	38	#
