%% File generated by CATS v.2.1Mon Jan 21 18:45:53 2013

%% The CATS webpage is http://robotics.stanford.edu/CATS

%% PARAMETER SETTINGS:
% Goods: 40; Bids: 40; Distribution: L2; Runs: 1; Seed: 1358795089
% Legacy distribution parameters:
% Number of goods chosen according to Random distribution.
% Price chosen according to Linear Random distribution (low_linearly = 1, high_linearly = 1000).


goods 40
bids 40
dummy 0

0	8990.92	0	1	5	7	10	11	12	13	14	15	16	17	18	19	22	23	24	25	26	27	28	29	32	33	34	36	38	39	#
1	10965.9	0	1	2	8	11	12	18	19	23	24	25	29	30	37	#
2	13592.8	0	1	2	3	4	5	6	7	8	9	10	11	12	13	14	15	16	17	18	19	20	21	22	24	25	26	27	28	30	31	32	33	34	35	36	37	38	39	#
3	1142.91	1	29	33	#
4	4942.32	0	5	9	17	22	23	32	35	38	#
5	4351.63	0	1	3	5	6	7	12	13	14	15	16	17	18	19	21	22	24	26	27	28	29	30	31	32	33	34	35	36	37	38	39	#
6	717.107	3	4	14	24	29	39	#
7	11818.2	0	2	3	4	5	6	9	10	11	12	13	14	15	16	17	18	19	22	23	24	25	26	27	28	29	30	31	32	33	34	35	37	38	39	#
8	197.449	23	38	#
9	25938.8	0	3	6	7	8	9	10	11	12	13	14	15	16	17	18	19	21	25	26	28	29	30	31	33	34	35	36	37	38	#
10	14372.4	1	2	3	5	6	7	8	13	19	21	22	23	25	26	27	32	33	35	36	38	39	#
11	712.216	12	#
12	7750.15	0	1	2	3	4	6	8	9	10	11	12	13	14	15	17	18	19	20	21	22	23	24	26	27	28	30	32	33	34	35	36	38	39	#
13	10094.4	2	3	4	16	18	20	25	27	30	32	37	#
14	331.929	0	2	3	7	8	10	11	19	22	27	28	29	30	31	32	33	34	36	#
15	4440.44	0	7	12	13	14	15	16	19	22	24	25	26	27	28	29	30	31	32	34	36	39	#
16	5448.53	0	4	5	14	15	20	23	25	26	29	33	36	39	#
17	8828.19	0	2	5	12	13	14	17	18	19	20	25	29	30	31	32	35	36	38	#
18	4751.43	1	8	16	32	35	38	#
19	28563.4	2	3	4	5	7	8	9	11	13	14	15	16	17	20	21	22	23	24	25	26	27	29	30	31	32	33	34	35	39	#
20	10461.3	0	8	11	12	14	19	20	22	23	26	28	29	32	35	36	37	#
21	10896.3	0	2	3	5	6	10	11	12	14	19	23	24	29	31	32	33	34	#
22	3510.1	2	10	17	19	32	#
23	22038.2	0	1	2	3	4	5	6	7	9	11	12	13	14	15	16	17	18	19	20	21	22	23	24	25	26	27	28	29	30	31	32	33	34	35	36	37	38	39	#
24	4088.43	4	6	7	10	12	15	17	19	20	29	31	33	36	39	#
25	418.781	6	#
26	12347.1	0	2	4	6	7	15	23	24	25	29	31	34	35	36	37	38	39	#
27	3421.56	1	10	19	20	28	#
28	5333.47	0	1	2	3	4	5	7	8	9	11	13	16	17	18	19	20	21	22	23	24	25	26	27	29	30	31	33	34	35	37	38	39	#
29	6641.62	1	2	7	8	11	12	14	15	16	17	18	21	22	23	26	28	29	32	33	34	35	37	#
30	7662.2	1	2	4	6	8	9	10	11	13	14	15	16	17	18	20	21	22	24	25	27	28	29	31	32	33	34	35	37	39	#
31	5054.21	0	3	7	8	9	10	11	13	16	17	18	19	22	23	24	25	30	31	33	36	38	#
32	2884.51	2	4	8	9	14	15	18	22	23	24	25	30	31	34	35	36	#
33	4401.01	0	6	11	14	19	20	23	24	25	26	27	28	29	35	#
34	1482.99	4	38	#
35	8437.49	0	2	3	4	5	7	8	10	12	13	15	16	18	19	21	22	23	25	26	27	28	30	31	33	34	35	37	39	#
36	66.2548	32	35	#
37	722.724	5	12	16	23	29	#
38	16371.1	0	1	2	3	4	5	7	8	9	12	13	15	16	17	19	20	21	22	23	24	26	27	28	30	32	34	36	38	39	#
39	29616.2	37	12	26	31	27	1	23	24	15	16	17	35	9	8	29	38	14	7	3	0	4	36	2	30	13	10	18	6	28	25	19	39	34	21	20	11	5	22	33	#
