%% File generated by CATS v.2.1Mon Jan 21 18:46:32 2013

%% The CATS webpage is http://robotics.stanford.edu/CATS

%% PARAMETER SETTINGS:
% Goods: 40; Bids: 40; Distribution: L6; Runs: 1; Seed: 1358795960
% Legacy distribution parameters:
% Number of goods chosen according to Exponential distribution (q = 5).
% Price chosen according to Linear Random distribution (low_linearly = 1, high_linearly = 1000).


goods 40
bids 40
dummy 0

0	19.7002	38	#
1	2516.75	2	13	38	#
2	2795.55	4	7	23	#
3	811.896	34	#
4	193.234	20	#
5	9921.2	13	14	15	23	26	29	30	32	33	37	#
6	1562.02	16	34	#
7	479.646	8	24	31	#
8	2133.89	5	9	14	18	30	#
9	1482.47	2	18	21	22	28	#
10	101.108	0	17	#
11	1486.78	3	6	7	18	22	29	34	38	#
12	1562.11	23	31	38	#
13	8496.52	1	3	4	5	8	10	11	12	17	20	24	25	26	32	33	34	35	36	#
14	3927.29	1	33	34	39	#
15	3574.2	1	3	11	18	24	34	#
16	1415.31	30	38	#
17	2439.16	7	14	29	#
18	370.01	4	9	14	15	24	27	30	33	37	#
19	1806.29	4	7	8	16	27	28	#
20	1640.7	2	17	20	21	24	29	31	35	36	37	#
21	3941.55	13	14	24	38	#
22	573.847	12	#
23	2283.84	0	12	28	31	#
24	2965.3	5	30	32	#
25	1070.26	5	13	#
26	1590.25	4	23	#
27	11910.2	10	11	14	15	23	26	27	29	30	35	38	39	#
28	555.755	18	#
29	266.523	2	9	#
30	213.925	4	29	#
31	7360.21	6	8	13	19	23	25	28	29	31	33	36	39	#
32	309.895	21	#
33	2643.04	4	7	11	17	27	35	#
34	2345.03	4	14	21	27	#
35	14914.3	5	6	9	11	14	15	16	17	20	21	23	25	27	29	30	35	#
36	1030.91	5	26	#
37	206.559	8	#
38	7486.05	8	12	13	16	28	29	35	38	#
39	2587.13	16	17	22	#
