%% File generated by CATS v.2.1Mon Jan 21 18:46:35 2013

%% The CATS webpage is http://robotics.stanford.edu/CATS

%% PARAMETER SETTINGS:
% Goods: 40; Bids: 40; Distribution: L7; Runs: 1; Seed: 1358794551
% Legacy distribution parameters:
% Number of goods chosen according to Binomial distribution (binom_cutoff = 0.2).
% Price chosen according to Linear Random distribution (low_linearly = 1, high_linearly = 1000).


goods 40
bids 40
dummy 0

0	417.178	11	15	16	22	29	30	38	#
1	7157.25	9	14	18	19	28	32	37	38	#
2	3641.12	18	19	23	25	27	29	35	#
3	1537.44	28	29	38	#
4	4610.01	4	13	16	17	21	27	29	#
5	2475.81	8	23	28	34	35	#
6	1877.64	7	12	14	17	18	26	33	37	#
7	3709.17	0	1	5	6	10	14	22	23	24	25	26	#
8	3811.08	3	5	16	35	#
9	3125.82	12	15	20	31	33	#
10	577.092	2	12	14	21	27	29	34	#
11	3611.12	0	2	4	26	31	37	38	#
12	10551.8	2	7	9	14	18	21	22	28	34	37	39	#
13	635.599	5	6	24	36	#
14	4034.3	8	25	29	36	38	#
15	138.615	0	15	24	27	32	35	39	#
16	4743.42	1	3	5	10	11	17	23	26	37	38	#
17	795.6	3	8	12	24	38	39	#
18	2769.81	13	30	34	38	#
19	3893.85	3	17	19	26	30	34	38	#
20	4320.81	5	7	8	12	18	19	24	34	#
21	1165.18	12	14	20	28	37	#
22	9742.63	5	10	14	15	16	17	19	25	26	29	31	33	#
23	24.6262	2	3	15	#
24	89.4095	6	26	30	#
25	619.93	9	10	13	20	22	26	#
26	892.721	0	4	8	10	24	25	33	#
27	6929.51	8	15	17	21	32	35	37	39	#
28	1083.51	2	11	21	22	29	34	#
29	1926.19	6	14	16	22	29	34	38	#
30	4523.4	16	17	18	23	27	#
31	1800.44	0	3	26	35	#
32	4952.12	7	9	14	21	22	29	34	36	39	#
33	1776.01	9	21	22	35	#
34	4319.4	5	8	19	24	31	#
35	81.4388	1	3	6	9	12	15	18	27	#
36	2149.7	0	1	12	16	23	30	#
37	5021.37	3	5	12	16	18	28	29	38	#
38	8228.59	1	5	6	15	16	18	20	28	29	32	34	#
39	2637.82	0	4	6	11	18	19	22	25	26	34	39	#
