%% File generated by CATS v.2.1Mon Jan 21 18:46:25 2013

%% The CATS webpage is http://robotics.stanford.edu/CATS

%% PARAMETER SETTINGS:
% Goods: 40; Bids: 40; Distribution: L5; Runs: 1; Seed: 1358796265
% Legacy distribution parameters:
% Number of goods chosen according to Normal distribution (mu_goods = 4, sigma_goods = 1).
% Price chosen according to Normal distribution (mu_price = 16, sigma_price = 3).


goods 40
bids 40
dummy 0

0	14.7323	1	21	24	25	#
1	11.8435	3	8	35	#
2	8.26962	3	#
3	22.8167	12	24	29	30	32	38	#
4	9.92715	6	26	#
5	13.7492	1	17	39	#
6	17.082	2	18	24	28	#
7	21.4459	3	17	25	26	29	38	#
8	21.7566	5	17	25	26	30	35	#
9	18.2474	0	12	14	30	36	#
10	13.4684	19	29	31	#
11	12.823	21	28	39	#
12	22.5949	3	4	5	14	19	38	#
13	23.508	10	15	16	20	23	24	29	#
14	17.5302	2	5	20	22	30	#
15	14.4917	9	13	20	#
16	21.3847	0	11	14	26	33	37	#
17	17.4362	4	30	36	39	#
18	17.978	0	5	7	18	34	#
19	13.4548	10	15	26	#
20	11.6173	0	3	22	#
21	19.502	7	24	29	31	34	#
22	19.4727	1	4	17	29	38	#
23	18.4586	9	10	17	20	39	#
24	20.336	13	27	29	31	35	#
25	20.4521	7	11	15	21	26	#
26	18.1889	0	4	5	28	31	#
27	14.5282	1	4	5	12	#
28	6.82107	13	#
29	24.0685	5	14	15	20	22	35	36	#
30	12.5722	4	18	22	#
31	19.1784	1	7	16	21	28	#
32	11.801	1	17	27	#
33	11.74	16	17	28	#
34	22.8923	6	14	26	27	31	38	#
35	10.6518	11	37	#
36	22.1669	0	1	6	19	20	30	#
37	19.66	1	13	24	35	38	#
38	14.8584	15	21	32	37	#
39	17.0948	9	13	21	36	#
