%% File generated by CATS v.2.1Tue Jan 22 02:02:55 2013

%% The CATS webpage is http://robotics.stanford.edu/CATS

%% PARAMETER SETTINGS:
% Goods: 20; Bids: 100; Distribution: L1; Runs: 1; Seed: 1358822281
% Legacy distribution parameters:
% Number of goods chosen according to Random distribution.
% Price chosen according to Fixed Random distribution (low_fixed = 0, high_fixed = 1000).


goods 20
bids 100
dummy 0

0	982.639	4	10	#
1	966.136	4	#
2	982.167	10	#
3	992.717	16	#
4	996.097	7	#
5	992.041	9	#
6	929.308	11	#
7	945.69	12	#
8	992.249	18	#
9	996.878	0	1	4	5	7	8	9	10	13	16	#
10	987.917	2	#
11	981.829	15	#
12	980.796	1	#
13	983.936	0	#
14	965.118	8	#
15	961.199	13	#
16	975.434	6	#
17	993.311	19	#
18	992.735	8	9	16	18	#
19	995.812	1	2	8	10	#
20	994.28	0	8	9	15	16	#
21	998.215	14	#
22	942.096	3	#
23	995.8	2	9	10	16	17	18	#
24	993.79	2	4	6	10	11	12	#
25	998.766	1	3	4	10	11	13	15	17	18	19	#
26	999.941	0	1	2	5	6	7	8	12	14	17	19	#
27	992.952	6	10	12	16	#
28	998.798	4	7	9	13	15	16	19	#
29	993.206	0	2	15	#
30	962.424	5	#
31	977.094	17	#
32	996.652	0	2	4	5	9	11	12	13	15	16	18	#
33	998.662	3	8	10	12	15	#
34	999.095	0	1	2	6	8	9	10	11	12	16	18	#
35	999.391	7	10	19	#
36	993.343	9	15	19	#
37	989.83	5	10	#
38	997.088	0	1	2	5	8	15	16	#
39	999.934	0	1	4	5	7	8	10	12	14	16	18	19	#
40	999.122	2	6	12	17	#
41	995.87	1	2	12	#
42	997.909	3	17	#
43	984.992	1	4	6	10	#
44	994.487	12	13	15	#
45	998.135	3	7	#
46	999.795	1	14	#
47	997.785	6	17	#
48	997.549	2	11	13	17	19	#
49	994.003	0	1	2	3	10	15	16	#
50	999.341	2	3	6	9	13	18	#
51	996.836	3	5	12	18	#
52	990.632	1	4	5	8	#
53	996.807	0	4	8	9	10	12	16	18	#
54	978.49	3	8	13	#
55	996.894	0	1	2	5	6	7	11	16	18	#
56	994.544	2	6	16	18	#
57	996.34	0	4	6	7	11	12	16	#
58	991.574	3	5	8	10	15	#
59	998.954	1	3	5	7	15	17	#
60	994.472	0	3	12	#
61	995.215	13	16	#
62	991.463	2	3	13	#
63	996.588	7	13	#
64	998.774	8	11	12	13	14	15	16	18	19	#
65	998.235	2	4	5	6	9	10	14	17	#
66	997.169	2	5	7	8	9	11	12	15	#
67	986.853	12	17	#
68	985.093	0	5	#
69	999.232	1	2	7	10	12	15	#
70	998.668	0	1	3	5	6	8	11	12	15	16	17	18	#
71	982.95	5	15	#
72	999.983	1	8	9	11	12	14	15	#
73	994.867	4	8	10	#
74	987.416	6	11	#
75	999.481	0	3	4	6	8	12	14	15	16	17	18	#
76	999.346	0	1	2	3	5	7	8	9	13	15	16	19	#
77	990.854	4	6	15	#
78	998.464	0	2	3	4	5	6	8	10	11	14	15	16	18	#
79	997.53	1	9	12	#
80	995.633	2	3	9	12	18	#
81	999.69	0	2	7	8	9	10	11	12	13	14	15	16	17	18	19	#
82	988.057	1	10	13	#
83	998.939	5	7	11	15	17	18	19	#
84	990.078	5	17	#
85	988.702	2	8	#
86	997.215	2	5	9	10	12	13	#
87	995.793	1	9	11	13	#
88	996.723	5	10	11	15	16	19	#
89	978.797	5	11	13	#
90	951.788	3	12	#
91	999.815	0	1	3	7	10	13	16	17	18	#
92	984.642	11	13	17	#
93	996.231	1	3	9	#
94	945.427	3	11	#
95	998.958	3	10	12	13	18	#
96	996.301	1	2	4	8	10	11	12	13	15	16	#
97	995.83	0	2	3	4	8	10	18	#
98	999.436	0	4	8	13	19	#
99	994.173	2	4	5	8	11	18	#
