%% File generated by CATS v.2.1Tue Jan 22 02:04:40 2013

%% The CATS webpage is http://robotics.stanford.edu/CATS

%% PARAMETER SETTINGS:
% Goods: 2000; Bids: 40; Distribution: L5; Runs: 1; Seed: 1358818860
% Legacy distribution parameters:
% Number of goods chosen according to Normal distribution (mu_goods = 4, sigma_goods = 1).
% Price chosen according to Normal distribution (mu_price = 16, sigma_price = 3).


goods 2000
bids 40
dummy 0

0	14.7323	524	648	935	1494	#
1	11.8435	120	878	1351	#
2	8.26962	1764	#
3	22.8167	1025	1110	1240	1305	1610	1970	#
4	9.92715	620	952	#
5	13.7492	87	817	1606	#
6	17.082	199	731	1648	1711	#
7	21.4459	120	186	787	968	1121	1843	#
8	21.7566	329	582	692	1439	1673	1972	#
9	18.2474	170	693	730	1107	1946	#
10	13.4684	105	1980	1994	#
11	12.823	983	1440	1484	#
12	22.5949	185	544	1027	1833	1868	1871	#
13	23.508	491	500	552	1090	1392	1614	1874	#
14	17.5302	432	565	680	1393	1766	#
15	14.4917	185	1640	1796	#
16	21.3847	165	180	264	781	856	1055	#
17	17.4362	81	1231	1265	1648	#
18	17.978	731	875	1116	1319	1604	#
19	13.4548	66	486	742	#
20	11.6173	411	626	1738	#
21	19.502	299	475	535	542	1219	#
22	19.4727	493	1166	1213	1499	1509	#
23	18.4586	156	207	620	634	731	#
24	20.336	259	403	1096	1113	1405	#
25	20.4521	157	1204	1229	1380	1642	#
26	18.1889	144	564	1091	1968	1975	#
27	14.5282	593	1072	1459	1750	#
28	6.82107	383	#
29	24.0685	60	152	318	347	1150	1711	1898	#
30	12.5722	353	944	973	#
31	19.1784	590	707	789	1193	1680	#
32	11.801	438	710	1290	#
33	11.74	706	1207	1897	#
34	22.8923	398	561	796	882	1543	1587	#
35	10.6518	738	1989	#
36	22.1669	213	429	719	774	1088	1095	#
37	19.66	15	370	762	1224	1899	#
38	14.8584	62	214	350	1071	#
39	17.0948	178	402	878	921	#
