%% File generated by CATS v.2.1Tue Jan 22 02:00:59 2013

%% The CATS webpage is http://robotics.stanford.edu/CATS

%% PARAMETER SETTINGS:
% Goods: 10; Bids: 50; Distribution: L5; Runs: 1; Seed: 1358819983
% Legacy distribution parameters:
% Number of goods chosen according to Normal distribution (mu_goods = 4, sigma_goods = 1).
% Price chosen according to Normal distribution (mu_price = 16, sigma_price = 3).


goods 10
bids 50
dummy 0

0	14.7323	0	2	5	8	#
1	11.8435	0	2	3	#
2	8.26962	5	#
3	22.8167	2	3	5	6	7	9	#
4	9.92715	1	3	#
5	13.7492	1	4	7	#
6	17.082	0	1	2	4	#
7	21.4459	0	2	5	7	8	9	#
8	21.7566	2	4	5	6	8	9	#
9	18.2474	1	4	5	7	8	#
10	13.4684	2	5	9	#
11	12.823	1	2	9	#
12	22.5949	0	2	3	4	7	9	#
13	23.508	1	3	4	5	6	8	9	#
14	17.5302	3	6	7	8	9	#
15	14.4917	0	7	9	#
16	21.3847	2	5	6	7	8	9	#
17	17.4362	1	4	6	7	#
18	17.978	2	6	7	8	9	#
19	13.4548	2	5	7	#
20	11.6173	0	4	8	#
21	19.502	0	2	4	7	8	#
22	19.4727	0	2	3	5	7	#
23	18.4586	1	2	4	7	8	#
24	20.336	0	1	5	7	8	#
25	20.4521	1	3	4	5	9	#
26	18.1889	2	4	5	7	8	#
27	14.5282	0	5	6	7	#
28	6.82107	3	#
29	24.0685	0	1	2	3	5	6	7	#
30	19.1784	0	1	4	6	8	#
31	11.801	5	6	9	#
32	11.74	0	2	4	#
33	22.8923	2	3	4	6	7	9	#
34	10.6518	0	4	#
35	22.1669	0	1	2	3	6	9	#
36	19.66	0	4	5	6	8	#
37	14.8584	2	4	6	7	#
38	17.0948	1	7	8	9	#
39	18.2147	1	4	5	8	9	#
40	12.3068	1	3	6	#
41	13.2136	3	6	7	#
42	19.5402	3	4	5	6	8	#
43	17.5353	1	5	6	8	9	#
44	9.57916	6	7	#
45	21.4187	0	1	2	3	8	9	#
46	23.7842	0	2	4	5	6	7	8	#
47	21.0339	0	1	2	4	7	9	#
48	18.6583	1	3	4	6	7	#
49	21.2165	0	2	3	5	7	8	#
