%% File generated by CATS v.2.1Tue Jan 22 02:00:36 2013

%% The CATS webpage is http://robotics.stanford.edu/CATS

%% PARAMETER SETTINGS:
% Goods: 10; Bids: 50; Distribution: L5; Runs: 1; Seed: 1358820324
% Legacy distribution parameters:
% Number of goods chosen according to Normal distribution (mu_goods = 4, sigma_goods = 1).
% Price chosen according to Normal distribution (mu_price = 16, sigma_price = 3).


goods 10
bids 50
dummy 0

0	14.7323	0	2	8	9	#
1	11.8435	0	3	4	#
2	8.26962	6	#
3	22.8167	1	2	3	4	6	7	#
4	9.92715	6	7	#
5	13.7492	0	3	5	#
6	17.082	1	4	7	8	#
7	21.4459	0	4	5	6	8	9	#
8	21.7566	1	2	4	6	7	8	#
9	18.2474	5	6	7	8	9	#
10	13.4684	0	4	6	#
11	12.823	4	5	6	#
12	22.5949	0	1	2	3	4	9	#
13	23.508	1	3	4	6	7	8	9	#
14	17.5302	2	3	6	8	9	#
15	14.4917	1	3	5	#
16	21.3847	0	1	2	4	5	6	#
17	17.4362	0	1	3	7	#
18	17.978	0	2	3	6	9	#
19	13.4548	2	6	8	#
20	11.6173	0	3	9	#
21	19.502	0	2	5	8	9	#
22	19.4727	0	3	4	6	7	#
23	18.4586	0	1	4	6	7	#
24	20.336	0	1	5	6	7	#
25	20.4521	3	5	6	8	9	#
26	18.1889	0	1	4	7	8	#
27	14.5282	0	1	2	3	#
28	24.0685	0	2	3	4	6	7	8	#
29	12.5722	0	5	7	#
30	19.1784	1	3	6	8	9	#
31	11.801	1	6	8	#
32	11.74	2	3	8	#
33	22.8923	1	2	3	7	8	9	#
34	10.6518	1	4	#
35	22.1669	1	2	3	4	6	9	#
36	19.66	0	1	3	4	9	#
37	17.0948	3	5	6	7	#
38	18.2147	0	1	2	3	9	#
39	12.3068	4	6	7	#
40	13.2136	1	4	7	#
41	19.5402	1	3	5	7	9	#
42	17.5353	1	2	4	7	9	#
43	9.57916	2	5	#
44	21.4187	0	1	3	4	5	7	#
45	23.7842	1	2	3	4	7	8	9	#
46	21.0339	0	1	2	5	6	8	#
47	18.6583	1	2	7	8	9	#
48	21.2165	0	1	2	5	6	7	#
49	12.3179	2	5	8	#
