%% File generated by CATS v.2.1Tue Jan 22 02:03:57 2013

%% The CATS webpage is http://robotics.stanford.edu/CATS

%% PARAMETER SETTINGS:
% Goods: 20; Bids: 100; Distribution: regions; Runs: 1; Seed: 1358819065
% Regions Distribution Parameters:
% Max Substitutable Bids = 5
% Removing HV Neighbor   = 0.1
% Adding DIAG Neighbor   = 0.2
% Additional Location    = 0.9
% Jump Probability       = 0.05
% Additivity             = 0.2
% Budget Factor          = 1.5
% Resale Factor          = 0.5
% Uniform Private Value:
%   Deviation            = 0.5
%   Max Good Value       = 100



goods 20
bids 100
dummy 19

0	581.206	1	2	3	5	6	7	9	10	14	20	#
1	606.184	0	1	2	3	4	5	6	10	14	20	#
2	593.074	0	1	2	3	5	6	7	9	10	20	#
3	570.153	0	1	2	3	5	7	9	13	14	20	#
4	556.159	0	1	2	6	7	9	10	13	14	20	#
5	521.712	0	1	2	3	4	5	6	8	9	20	#
6	42.5674	12	#
7	260.76	0	1	5	21	#
8	268.615	1	2	5	21	#
9	170.421	5	9	10	21	#
10	126.871	0	4	8	21	#
11	793.507	0	2	3	4	5	6	7	8	9	10	11	14	15	22	#
12	790.026	0	1	2	3	4	5	6	7	9	10	11	14	15	22	#
13	782.854	0	2	3	4	5	6	7	9	10	11	13	14	15	22	#
14	767.608	0	1	2	3	4	5	6	7	9	11	13	14	15	22	#
15	767.31	0	2	3	4	5	6	7	8	9	11	12	14	15	22	#
16	756.657	0	2	3	4	5	6	7	9	11	12	13	14	15	22	#
17	112.178	18	#
18	411.775	9	10	11	12	14	15	23	#
19	534.502	2	3	10	11	14	15	23	#
20	525.517	3	7	10	11	14	15	23	#
21	423.503	7	9	10	11	14	15	23	#
22	409.4	9	10	12	13	14	15	23	#
23	323.569	8	9	10	11	12	13	23	#
24	226.223	0	4	8	9	13	24	#
25	281.833	0	1	4	5	8	24	#
26	245.081	0	1	4	8	9	24	#
27	237.942	7	11	12	13	14	24	#
28	206.724	6	7	8	9	13	24	#
29	146.482	5	6	8	9	25	#
30	173.197	6	7	9	10	25	#
31	147.269	8	9	13	14	25	#
32	143.298	8	9	10	14	25	#
33	924.834	18	8	9	5	6	7	10	4	14	19	1	17	11	3	0	15	16	13	2	12	#
34	29.508	19	#
35	357.325	0	1	4	5	6	8	9	12	26	#
36	525.624	1	2	5	6	7	9	10	19	26	#
37	493.121	5	6	8	9	10	11	12	14	26	#
38	421.287	4	5	6	7	8	9	10	11	26	#
39	414.437	5	6	7	8	9	10	12	13	26	#
40	396.942	4	8	9	10	11	12	17	19	26	#
41	819.418	0	1	2	3	4	5	6	7	8	9	10	11	12	13	14	15	27	#
42	918.149	0	1	2	3	4	5	6	7	8	9	10	11	12	13	14	17	27	#
43	893.454	0	1	2	3	4	5	6	7	8	9	10	12	13	15	17	19	27	#
44	878.016	0	1	2	3	4	5	6	7	8	9	10	11	12	13	14	18	27	#
45	779.302	0	1	2	3	4	5	6	7	8	9	10	11	12	13	14	15	19	28	#
46	882.679	0	1	2	3	4	5	6	7	8	9	10	11	12	13	14	15	18	28	#
47	867.938	0	1	2	3	4	5	6	7	8	9	10	11	12	13	14	15	17	28	#
48	797.159	0	1	2	3	4	5	6	7	8	9	10	11	12	13	14	15	16	28	#
49	681.262	3	5	6	7	10	11	13	14	15	29	#
50	701.838	1	2	3	5	6	7	10	11	14	29	#
51	688.589	2	3	6	7	8	10	11	14	15	29	#
52	685.334	2	3	6	7	10	11	12	13	14	29	#
53	682.526	2	3	6	7	10	11	13	14	15	29	#
54	658.912	1	2	3	6	7	10	11	14	15	29	#
55	68.1191	16	#
56	556.403	0	1	2	3	6	7	9	30	#
57	585.818	0	1	2	3	6	7	11	30	#
58	545.222	0	1	2	3	4	6	7	30	#
59	535.984	1	2	3	6	7	11	14	30	#
60	534.223	0	1	2	4	6	8	14	30	#
61	440.749	1	2	6	7	9	12	13	30	#
62	722.393	0	1	2	4	5	8	9	10	11	12	13	14	15	31	#
63	754.467	0	1	2	3	4	5	6	8	9	12	13	14	17	31	#
64	739.057	0	1	2	4	5	6	8	9	11	12	13	14	15	31	#
65	723.081	0	1	2	4	5	6	7	8	9	11	12	13	14	31	#
66	710.115	2	4	5	6	7	8	9	11	12	13	14	15	16	31	#
67	707.755	0	1	2	4	5	7	8	9	11	12	13	14	15	31	#
68	417.24	6	8	9	10	11	12	32	#
69	467.093	2	3	6	9	10	14	32	#
70	466.41	2	3	6	10	11	14	32	#
71	394.327	6	9	10	11	12	15	32	#
72	371.835	6	8	9	10	11	13	32	#
73	307.455	4	6	8	9	12	13	32	#
74	737.043	0	1	2	3	4	5	6	7	8	9	10	11	12	13	14	15	33	#
75	823.238	0	1	2	4	5	6	7	8	9	10	11	12	13	14	16	18	33	#
76	822.9	0	1	2	3	4	5	6	7	8	9	10	11	12	13	14	18	33	#
77	810.788	0	1	2	3	4	5	6	7	8	9	10	11	12	14	15	16	33	#
78	797.262	0	1	2	3	4	5	6	7	8	9	10	11	12	14	15	18	33	#
79	784.077	0	1	2	3	4	5	6	7	8	9	10	12	13	14	15	18	33	#
80	280.914	0	1	4	8	34	#
81	293.933	0	1	4	5	34	#
82	236.395	1	5	6	9	34	#
83	236.1	0	4	8	9	34	#
84	204.394	4	5	8	9	34	#
85	133.957	12	13	35	#
86	110.767	9	12	35	#
87	121.91	17	#
88	170.225	5	9	12	36	#
89	164.507	5	7	9	36	#
90	75.0144	9	12	13	36	#
91	226.699	4	6	8	9	10	18	37	#
92	309.794	6	8	9	10	11	15	37	#
93	260.961	8	9	10	12	13	14	37	#
94	529.83	1	2	3	6	7	8	9	10	11	12	15	38	#
95	768.005	0	1	2	3	5	6	7	9	10	11	16	38	#
96	735.169	0	1	2	3	5	6	9	10	11	12	16	38	#
97	698.458	0	1	2	3	5	6	7	8	9	11	12	38	#
98	690.801	0	1	2	3	5	6	7	9	10	11	12	38	#
99	615.332	0	1	2	3	5	6	7	8	9	12	13	38	#
