%% File generated by CATS v.2.1Tue Jan 22 02:04:08 2013

%% The CATS webpage is http://robotics.stanford.edu/CATS

%% PARAMETER SETTINGS:
% Goods: 2000; Bids: 100; Distribution: regions; Runs: 1; Seed: 1358822226
% Regions Distribution Parameters:
% Max Substitutable Bids = 5
% Removing HV Neighbor   = 0.1
% Adding DIAG Neighbor   = 0.2
% Additional Location    = 0.9
% Jump Probability       = 0.05
% Additivity             = 0.2
% Budget Factor          = 1.5
% Resale Factor          = 0.5
% Normal Private Value:
%   Mean                 = 0
%   Standard Deviation   = 30



goods 2000
bids 105
dummy 19

0	2.18569	1717	#
1	312.028	1165	1209	1210	1211	2000	#
2	464.922	1211	1212	1213	1255	2000	#
3	434.294	1210	1211	1212	1213	2000	#
4	285.976	1208	1209	1210	1253	2000	#
5	43.975	1033	1077	1121	1165	2000	#
6	1232.26	1460	1461	1504	1505	1506	1507	1508	1509	1548	1549	1550	1551	1552	1553	1554	1555	1592	1593	1594	1595	1597	1598	1636	1637	1638	1639	2001	#
7	1722.95	350	393	394	988	989	1032	1033	1076	1077	1465	1507	1508	1509	1510	1511	1551	1552	1553	1554	1555	1597	1598	1599	1600	1642	1643	2001	#
8	1720.74	946	989	990	991	1032	1033	1076	1077	1509	1510	1553	1554	1555	1597	1598	1599	1600	1601	1602	1641	1642	1643	1644	1686	1687	1688	2001	#
9	1670.54	1105	1106	1107	1108	1109	1110	1151	1195	1196	1238	1239	1467	1510	1511	1512	1513	1554	1555	1556	1557	1598	1599	1600	1601	1642	1643	2001	#
10	1639	1419	1420	1463	1464	1465	1507	1508	1509	1510	1511	1512	1550	1551	1552	1553	1554	1555	1595	1597	1598	1599	1600	1639	1641	1642	1643	2001	#
11	1592.98	1420	1463	1469	1506	1507	1511	1512	1513	1514	1549	1550	1551	1552	1553	1554	1555	1556	1557	1558	1593	1594	1597	1598	1599	1642	1643	2001	#
12	2090.92	21	22	23	24	25	26	27	28	29	30	31	65	66	67	68	69	70	71	72	73	74	109	110	111	112	114	115	117	118	153	159	161	162	203	205	249	835	1340	2002	#
13	2846.54	113	115	116	117	156	158	159	160	161	162	163	164	199	200	201	202	203	204	205	206	245	248	249	293	1083	1126	1127	1128	1170	1171	1172	1216	1596	1640	1641	1684	1729	1951	2002	#
14	2819.04	21	64	65	66	67	106	107	108	109	150	151	153	195	196	197	198	210	239	240	241	253	254	255	256	283	284	286	287	298	328	331	832	833	1785	1827	1828	1829	1830	2002	#
15	2813.03	21	22	23	63	64	65	66	105	106	107	108	109	110	111	112	113	150	151	152	153	194	195	197	1058	1059	1102	1103	1104	1144	1145	1146	1147	1787	1788	1789	1831	1832	1833	2002	#
16	2805.09	19	20	64	65	107	108	109	110	149	151	152	153	193	194	195	196	197	198	199	200	201	234	235	236	237	238	239	240	241	280	281	282	284	285	328	329	489	1956	2002	#
17	2692.14	21	22	64	65	66	67	107	108	109	110	111	112	113	151	153	156	157	1001	1002	1045	1046	1089	1516	1558	1560	1561	1562	1600	1601	1602	1603	1604	1605	1646	1647	1650	1691	1795	2002	#
18	350.173	712	713	755	756	800	2003	#
19	515.226	712	753	754	755	799	2003	#
20	485.111	755	756	757	799	800	2003	#
21	450.657	668	712	755	756	757	2003	#
22	448.685	713	755	756	758	759	2003	#
23	409.793	624	625	668	712	713	2003	#
24	1163.53	909	1842	1843	1844	1845	1846	1885	1886	1887	1890	1929	1930	1931	1932	2004	#
25	1443.56	1753	1754	1797	1798	1799	1841	1842	1843	1886	1887	1888	1928	1929	1930	2004	#
26	1372.42	1795	1796	1797	1840	1841	1842	1843	1884	1885	1886	1927	1928	1929	1930	2004	#
27	1304.72	1751	1752	1753	1754	1794	1795	1796	1797	1798	1839	1840	1842	1843	1886	2004	#
28	1292.63	1798	1841	1842	1843	1844	1885	1886	1887	1888	1928	1929	1930	1931	1932	2004	#
29	1257.73	1799	1842	1843	1882	1883	1887	1888	1926	1927	1928	1929	1930	1931	1932	2004	#
30	843.021	80	122	123	124	126	167	168	169	170	212	213	214	215	216	256	257	258	300	301	302	2005	#
31	1185.77	121	122	164	165	166	167	168	169	170	171	209	211	212	213	214	215	255	256	257	300	2005	#
32	1160.01	80	81	123	124	125	168	169	170	171	172	173	213	214	215	216	255	256	257	260	301	2005	#
33	1151.74	37	39	80	81	82	123	125	126	167	168	169	170	211	212	213	214	215	254	255	298	2005	#
34	1131.52	129	130	131	171	172	173	174	215	216	217	260	261	262	303	304	305	306	350	393	963	2005	#
35	1077.66	255	256	257	258	299	300	301	302	341	342	343	344	345	346	385	386	387	388	389	431	2005	#
36	642.131	558	560	561	602	603	604	605	647	648	649	650	2006	#
37	778.32	472	475	516	517	518	519	560	561	605	606	649	2006	#
38	619.953	560	603	604	605	647	648	649	692	693	736	737	2006	#
39	604.104	188	189	606	607	650	651	694	695	738	739	740	2006	#
40	599.603	602	603	604	647	648	649	650	689	690	691	735	2006	#
41	588.944	558	602	603	646	647	648	649	690	691	692	735	2006	#
42	350.272	67	68	69	111	1261	2007	#
43	522.285	27	28	29	69	70	2007	#
44	431.657	68	69	111	112	156	2007	#
45	363.814	25	67	68	69	111	2007	#
46	341.585	111	1481	1524	1525	1985	2007	#
47	304.155	1217	1260	1261	1262	1305	2007	#
48	23.6875	1153	1197	2008	#
49	34.5702	1109	1153	2008	#
50	322.131	476	477	478	520	521	522	523	2009	#
51	481.24	521	522	523	566	1419	1463	1464	2009	#
52	352.369	477	479	521	522	523	566	567	2009	#
53	337.591	476	477	478	520	521	522	565	2009	#
54	173.69	476	520	521	563	564	1353	1397	2009	#
55	844.332	1096	1097	1140	1141	1142	1183	1184	1185	1186	1187	1228	1229	1231	1272	1273	1275	1316	1317	2010	#
56	1210.27	261	1228	1229	1272	1273	1274	1316	1317	1318	1361	1362	1363	1405	1406	1407	1450	1451	1494	2010	#
57	1161.73	1138	1139	1182	1183	1184	1227	1228	1229	1270	1271	1272	1313	1314	1315	1316	1317	1357	1358	2010	#
58	1123.17	1009	1010	1011	1053	1054	1055	1097	1098	1099	1141	1142	1143	1185	1186	1187	1230	1480	1524	2010	#
59	1122.05	1183	1184	1228	1229	1230	1271	1272	1273	1274	1316	1317	1318	1361	1362	1363	1405	1406	1407	2010	#
60	1108.25	1052	1053	1095	1096	1097	1098	1099	1139	1140	1141	1142	1183	1184	1185	1228	1272	1920	1921	2010	#
61	570.359	1254	1298	1334	1335	1336	1375	1376	1377	1378	1379	1380	1420	1422	2011	#
62	742.334	1202	1203	1246	1247	1248	1290	1291	1292	1334	1335	1378	1379	1422	2011	#
63	696.209	1373	1374	1375	1376	1416	1417	1418	1419	1420	1421	1461	1462	1463	2011	#
64	629.233	1375	1376	1377	1420	1421	1459	1460	1461	1462	1463	1504	1505	1506	2011	#
65	612.266	442	1333	1334	1335	1336	1378	1379	1380	1422	1423	1467	1468	1469	2011	#
66	575.096	1291	1334	1335	1336	1337	1338	1339	1380	1381	1423	1424	1468	1469	2011	#
67	826.839	836	837	838	839	840	880	881	882	883	924	925	926	968	969	970	1012	1013	2012	#
68	1183.38	660	704	705	749	750	751	792	793	794	836	837	838	839	880	881	882	883	2012	#
69	1119	704	748	749	750	752	792	793	794	795	836	837	838	839	881	882	925	926	2012	#
70	1085.92	880	881	882	883	924	925	926	968	969	1012	1056	1057	1100	1101	1144	1145	1146	2012	#
71	1082.4	660	661	705	748	749	792	793	836	837	838	880	881	882	925	926	1325	1326	2012	#
72	1033.17	882	924	925	926	927	969	970	1013	1014	1056	1057	1058	1100	1101	1144	1145	1146	2012	#
73	276.736	1184	1185	1229	2013	#
74	238.279	1141	1185	1186	2013	#
75	197.322	1185	1228	1229	2013	#
76	99.6486	1183	1184	1228	2013	#
77	6.69129	759	#
78	301.123	1112	1113	1114	1157	1158	2014	#
79	333.249	830	1113	1114	1115	1158	2014	#
80	221.133	1112	1156	1157	1158	1199	2014	#
81	205.223	646	1113	1157	1158	1202	2014	#
82	203.111	1157	1202	1203	1246	1247	2014	#
83	1094.55	469	470	1160	1542	1543	1544	1545	1587	1588	1589	1629	1630	1631	1632	1633	1674	1675	1676	2015	#
84	1482.85	563	1543	1544	1545	1546	1587	1588	1589	1590	1591	1631	1632	1633	1634	1635	1636	1678	1679	2015	#
85	1340.47	340	341	380	381	382	383	384	385	423	425	426	427	428	469	470	495	514	515	2015	#
86	1340.07	1546	1547	1587	1588	1589	1590	1591	1592	1631	1632	1633	1634	1635	1637	1675	1678	1679	1723	2015	#
87	1297.01	1454	1455	1496	1497	1499	1541	1545	1588	1589	1632	1633	1634	1635	1676	1677	1678	1720	1722	2015	#
88	1247.06	1496	1497	1540	1541	1542	1543	1544	1584	1585	1586	1587	1588	1589	1590	1628	1629	1630	1672	2015	#
89	185.135	1592	1756	1757	2016	#
90	207.637	1756	1757	1758	2016	#
91	179.113	1755	1756	1757	2016	#
92	150.124	1592	1636	1637	2016	#
93	1087.39	793	837	838	880	881	882	883	884	885	926	927	928	969	971	972	1441	1761	1762	2017	#
94	1290.58	0	1	2	46	1675	1677	1719	1720	1721	1722	1762	1763	1764	1765	1806	1807	1864	1908	2017	#
95	1262.01	750	792	793	794	795	836	837	838	839	880	881	882	924	925	926	968	969	970	2017	#
96	1208.78	793	836	837	838	839	840	880	881	882	883	884	924	925	926	927	968	969	971	2017	#
97	1198.58	836	838	840	880	881	882	883	884	885	924	925	926	927	928	968	969	971	972	2017	#
98	1194.55	607	608	651	695	705	750	793	794	795	838	839	881	882	883	925	926	927	928	2017	#
99	632.683	567	570	571	611	612	613	614	656	657	658	895	2018	#
100	847.388	568	570	612	613	614	656	657	658	702	746	1937	2018	#
101	838.239	568	570	613	614	656	657	658	659	701	702	703	2018	#
102	737.392	524	565	566	567	568	608	609	610	611	612	652	2018	#
103	732.42	434	478	479	522	523	566	567	611	1496	1540	1541	2018	#
104	725.755	567	568	608	609	610	611	612	652	653	655	696	2018	#
